0.0
0.18329175642760975
0.1435048328999984
0.0
0.04520291287532337
0.12736466848949854
0.0
0.08696264446924457
0.0
0.15630595397934152
0.3131217974753018
0.03894106444921399
0.03894106444921399
0.15281118198675886
0.13604549077471986
0.0
0.12673920037658998
0.10386922296157605
0.11050172015735878
0.0
0.07015796743967546
0.08592677486751218
0.051647307362215795
0.18296399195292068
0.0
0.0
0.2628498743452877
0.10978192632394404
0.18693361247483004
0.1633146494761893
0.07971853324761445
0.22012117498486242
0.15590099151285677
0.13830928269044726
0.1603054231687152
0.20740058070902184
0.21466567301819892
0.1442356633013471
0.15274075025318498
0.14007011113574028
0.08583662597270544
0.0
0.0
0.12648945922166158
0.14447912938820184
0.22310403654570432
0.02973420365455919
0.02973420365455919
0.21394057749868858
0.0
0.0
0.1078205034791923
0.07971853324761445
0.07866136768095289
0.12974827363492963
0.15281118198675886
0.13627609113691114
0.0
0.1858873191978565
0.1330426331466782
0.18027221225721518
0.3889041199641496
0.0
0.14447912938820184
0.11050172015735878
0.12117865359052285
0.0
0.09084926884165413
0.0
0.07866136768095289
0.19665683213983193
0.13099039055004183
0.0
0.04677792810493463
0.04677792810493463
0.0
0.28235876730617077
0.14062577176823526
0.09498739644880803
0.1049295398951298
0.23483146598421406
0.015029018602774767
0.015029018602774767
0.0927615056617966
0.0895803476661026
0.0
0.0
0.0
0.0
0.15384780371355355
0.03185563652017149
0.03185563652017149
0.0
0.0
0.10612745475127726
0.0895803476661026
0.15630595397934152
0.271256207671436
0.0
0.0
0.0
0.0
0.0
0.0
0.07459831614882376
0.11968990250086266
0.020601488050777734
0.020601488050777734
0.14007011113574028
0.08592677486751218
0.24307939485235386
0.0
0.08832099909699684
0.0
0.12079899559772746
0.0
0.0
0.3450099104262519
0.07015796743967546
0.13391568312154373
0.19320560516555116
0.12974827363492963
0.12135441276854013
0.03179550185369339
0.03179550185369339
0.09188063029361822
0.1770283646442857
0.0
0.0
0.06733281846153409
0.14633869510966746
0.1858873191978565
0.08832099909699684
0.15503305279236942
0.06733281846153409
0.15743820454818344
0.14348691337717592
0.11565021722385126
0.11444148744470611
0.10274660123513497
0.12278523943681216
0.09435976045295597
0.11778018760986411
0.10978192632394404
0.12300858884561879
0.0
0.0
0.29802637798202963
0.08583662597270544
0.10741683288810376
0.1300505013130671
0.12341223738940241
0.08376845422969595
0.12503168155075747
0.12586184055852745
0.30671781134796466
0.07858458381597157
0.10912586263205196
0.07858458381597157
0.21146737897223503
0.23872046777883368
0.10274660123513497
0.2218335233928677
0.14983636962327487
0.0
0.0
0.3072900820580848
0.39454371847580305
0.1780462174842664
0.1753321807295606
0.03993714893859601
0.09739942556410634
0.03993714893859601
0.17531148276881928
0.17732619329737104
0.051188586788680684
0.1535223590846043
0.1269577103371206
0.1732428649014846
0.19626486081019173
0.14083744418317318
0.09255027007632953
0.2541476129730417
0.15856893895263102
0.11444148744470611
0.13880462781843686
0.10477839731984996
0.09255027007632953
0.512235838788923
0.2258619619566599
0.13695905541026565
0.09684738178493175
0.2243150888258603
0.178690935227906
0.20484462021427974
0.09266444955385418
0.11778018760986411
0.13469445566528152
0.14763358338349925
0.051188586788680684
0.09684738178493175
0.0
0.13714065968862424
0.0
0.13222286661204816
0.1523731795455776
0.1321364151487521
0.06727453368370989
0.2723873815822379
0.2077524843084127
0.09266444955385418
0.0
0.0
0.1484277861054312
0.16329036100699615
0.0
0.0
0.1685714295977623
0.22056398615630748
0.1604262043090831
0.18529370606020013
0.18983295190705704
0.14521029696733612
0.12877423449225014
0.29798116427253574
0.21999504832692096
0.2992291735677059
0.1898239852795853
0.18531948850215987
0.20594866987433022
0.0
0.12503168155075747
0.0
0.7106359500580635
0.01828195200807705
0.01828195200807705
0.0
0.0
0.18529168196188334
0.23268398567231927
0.2723873815822379
0.0
0.15434821733566625
0.29700786278625035
0.18650759159101263
0.07920033915611634
0.16020227016021157
0.0
0.0
0.0
0.0
0.0
0.30547145113907986
0.1433213279404103
0.13836455318758734
0.07186463215140325
0.353064170295816
0.0
0.0
0.008849557521340645
0.0
0.07920033915611634
0.07186463215140325
0.0
0.16283441296834766
0.0536965221896258
0.0536965221896258
0.0
0.0
0.08377068943805745
0.09771438595936316
0.0
0.0
0.178690935227906
0.13702727833517808
0.2720405268009856
0.13987242035771769
0.19714334607542794
0.1884271755581617
0.19204725679701948
0.0
0.0
0.17629535296891238
0.17295034113991964
0.04547060890956406
0.04547060890956406
0.07758230665605009
0.0
0.0
0.0
0.0
0.09771438595936316
0.14370052091757488
0.19730140626430734
0.1898239852795853
0.02345909524677621
0.02345909524677621
0.0
0.0
0.0
0.0
0.0
0.13726678535240264
0.0
0.3869942394158636
0.5672855485527656
0.1480704565050984
0.1701875317395065
0.0
0.15503305279236942
0.14091479345970398
0.1751846631633885
0.23254440060390766
0.1331316480284053
0.0
0.20413041861818965
0.0
0.1078452382999227
0.12135441276854013
0.24589898848151612
0.1986295093579743
0.203438389553045
0.13880462781843686
0.0
0.11179851033459737
0.0
0.13391568312154373
0.12832686266214766
0.11253759758955052
0.2855828504828535
0.28029736784885523
0.16691339022285923
0.046791215186666575
0.046791215186666575
0.14083744418317318
0.30692142579729276
0.11795483569947574
0.07659419008009362
0.19503587364219038
0.1534909409063134
0.14066793914595963
0.0
0.11243695703961212
0.0
0.06089721972531066
0.0
0.12149966064913698
0.0
0.10264354159519554
0.06089721972531066
0.3889041199641496
0.14091987031003883
0.0
0.0
0.37946461192039044
0.24657498603912503
0.11795483569947574
0.13604549077471986
0.1677032954233806
0.0
0.0
0.10264354159519554
0.14066793914595963
0.1035628418545213
0.09862065263479036
0.11460993023150362
0.11460993023150362
0.15245803173248232
0.0
0.0
0.16503825403527825
0.0
0.0
0.0
0.11469407846683388
0.11437397504796147
0.0
0.0
0.12984284022080564
0.15900536280677158
0.1103527144620378
0.08066058519137875
0.08066058519137875
0.1508727804086121
0.18983295190705704
0.0717288936921322
0.0
0.2450567695307068
0.0
0.06990209692321683
0.0
0.0
0.09939513735407751
0.12822389528114003
0.1462701689292972
0.29566661561212426
0.20105061868167867
0.17330593316585394
0.1289430106071566
0.2158102071139094
0.07839437304466962
0.0
0.0
0.14197989849160184
0.12832686266214766
0.0935110910620218
0.0
0.0
0.10253946889826218
0.0
0.0
0.1527177686949165
0.12893876551195377
0.1623969858356672
0.1412118119943057
0.12341223738940241
0.0
0.0
0.0
0.03324653714677256
0.0
0.0
0.23847059147553798
0.0
0.10253946889826218
0.023271982700962614
0.0
0.023271982700962614
0.1277572952635673
0.0
0.15369459279865894
0.0
0.12799362547276194
0.38994332080590827
0.10283979646591439
0.0
0.0
0.21374426160485382
0.10981693813667474
0.1865410653101826
0.3121636286000419
0.1078452382999227
0.0
0.0
0.0
0.0
0.0
0.0
0.18250112261420345
0.15197624990025835
0.12814644586821972
0.11870521301073297
0.11578880567326182
0.09939513735407751
0.13016383597285303
0.12882047299968918
0.0
0.0
0.1365385554756091
0.0
0.09842961691280389
0.0
0.05166080407757024
0.0
0.0
0.0
0.0
0.16789919392514963
0.15687846005321676
0.1818989241126717
0.10844779940301892
0.1209167740817203
0.07839437304466962
0.15681916653064223
0.12183806317709214
0.18143623749358131
0.17917574741561088
0.0
0.0
0.16691339022285923
0.1877067890922587
0.10397617109762615
0.16068665122617934
0.0
0.0
0.0
0.0
0.18852177193006475
0.14246847020644288
0.0
0.0
0.24325844195720928
0.12183806317709214
0.1877067890922587
0.16254316526978993
0.37427289818058534
0.10397617109762615
0.10283979646591439
0.0
0.0
0.14956024884370323
0.0
0.0
0.18848886530211018
0.16797257469764507
0.2925015484849341
0.1274112939745632
0.08696264446924457
0.0
0.32441459079095425
0.0
0.0088495575213407
0.0088495575213407
0.27067448666947075
0.32065447613507125
0.1216803096649482
0.1701875317395065
0.2635358051895725
0.12877423449225014
0.0
0.24589898848151612
0.0
0.07198725466055665
0.10183428798325761
0.14154093026419137
0.0
0.13564120026205848
0.0
0.12912367950858095
0.11405958300511981
0.11699352838004905
0.1634753922885475
0.14732673506699795
0.10415748760855048
0.20691492099971154
0.10183428798325761
0.14292291914904764
0.07198725466055665
0.13346514907367477
0.06589036377356118
0.2662281833965747
0.0
0.0
0.16263504837254195
0.0
0.0
0.18529370606020013
0.1388192295568333
0.0
0.0
0.0
0.10956968097699729
0.0
0.1908086267023705
0.1485607105982205
0.1274112939745632
0.12571921911357659
0.12236696458623009
0.13714065968862424
0.1311241990921741
0.0
0.0
0.0
0.1300505013130671
0.15229188463177407
0.0
0.0
0.15625741180759925
0.14555214853090964
0.0
0.0
0.10912586263205196
0.024432596958879893
0.024432596958879893
0.21466567301819892
0.15775107359014962
0.1247892638654168
0.12283548527355188
0.13397899522199408
0.0
0.0
0.09530978941020163
0.06441680064607856
0.19406611925015171
0.12212136659721441
0.0
0.0
0.13637526040696882
0.09530978941020163
0.0
0.0
0.2408534080193809
0.19067489057103046
0.15319514638309575
0.12552671505744945
0.1419887072638483
0.17330593316585394
0.12739121972592116
0.06441680064607856
0.0
0.0
0.16797257469764507
0.0
0.14568192558374102
0.0
0.0
0.07768561049258282
0.0
0.1057000078318536
0.1649838174257731
0.1634753922885475
0.24908123831919265
0.13346514907367477
0.26823801724890334
0.2863520532293014
0.13197095146991245
0.0
0.1968538495523377
0.0
0.07591568623354601
0.15311466144156632
0.0
0.0
0.10275260266891323
0.0
0.0
0.25558702700908986
0.1894550893969526
0.2069206812485756
0.0
0.0
0.0
0.0
0.10275260266891323
0.12173393869515282
0.12173393869515282
0.18593991882190028
0.0
0.0
0.11338878012767356
0.0
0.0
0.12120795074973459
0.18457748028139173
0.13720421493009385
0.1847305155776982
0.08041176061245595
0.0
0.19637588648941032
0.1412118119943057
0.0
0.1331316480284053
0.12803827407365093
0.15264346875983564
0.11158898636058867
0.1698522953871511
0.17983863848586631
0.12810386770574927
0.11338878012767356
0.06589036377356118
0.027535420447494876
0.027535420447494876
0.06506538932881624
0.12703034291480064
0.30896412196208706
0.0
0.0
0.0
0.0
0.0
0.0
0.0
0.10956968097699729
0.17588984484406603
0.0
0.0
0.12004371786330802
0.18306294056200495
0.1593278894305605
0.1277572952635673
0.1508352877167565
