0.23409216352044265
0.33749359877003215
0.13064153997725877
0.4816850339875118
0.13064153997725877
0.4253729515429136
0.46070651411741287
1.309163590170135
0.3958588117429064
0.22780821446025354
0.17284462610493193
0.16358451974130164
0.20385660442113104
0.27895698800705654
0.385815221137887
0.3729188724115603
0.2829626632273907
0.25966718015706386
0.17079922709609904
0.4553342635062393
0.1591459108494124
0.19903420569412208
0.3089964376723643
0.1853105671702279
0.18912314008405218
0.27443358015729835
0.1591459108494124
0.41708784400688304
0.3392558534560872
0.19311177394602852
0.16477813865126476
0.30842938472184983
0.23236001894022754
0.2706413931141393
0.17284462610493193
0.3280025632088742
0.6344120112262003
0.0483395210948395
0.1672928903505709
0.16358451974130164
0.0483395210948395
0.40824492850753685
0.15451735587177676
0.1672928903505709
0.17079922709609904
0.21851339515286736
0.2166399747743726
0.19354663857792734
0.1949318520851362
0.19354663857792734
0.32050074294255826
0.18912314008405218
0.22780821446025354
