0.049082852126357615
0.041455960140188375
0.04299366979323178
0.05952526083446163
0.08271326869885308
0.0676613218694896
0.04225791271354798
0.03167090625002613
0.019081402800989015
0.02919700006430423
0.05667171110980526
0.037968229095081484
0.059006388814029316
0.12228837842014637
0.15215271938688232
0.08271326869885308
0.03243538375682486
0.10160964369264344
0.04811600371217267
0.08297001121807221
0.07166919160676924
0.11620973053197997
0.09509540066543366
0.06376212181824621
0.053182634325255204
0.08455935191035609
0.03243538375682486
0.0453136450151401
0.035840931480754984
0.04927527345990939
0.09235063512969727
0.0973203515449107
0.10296735701747414
0.03503247147436197
0.06255786109470379
0.08445040989760493
0.019081402800989015
0.03167090625002613
0.04225791271354798
0.051805179810909666
0.2749073343684724
0.061150644262634106
0.08455935191035609
0.07671360799110605
0.049082852126357615
0.04811600371217267
0.035840931480754984
0.02919700006430423
0.059437907281073
