0.12082402989985427
0.011616905502251916
0.1038013108762758
0.07159570273971601
0.10479732087971069
0.09160740537884539
0.27391143703948717
0.08834315925299953
0.16734800112719905
0.18216562160231417
0.1045986964534986
0.07751146166052834
0.059842066598136213
0.10810354017965591
0.16726808953608285
0.0953101516988399
0.07159570273971601
0.09757400567663228
0.1729869035741169
0.20288297272046618
0.06675618306321096
0.10288655880213568
0.09160740537884539
0.06551153961438895
0.07975569767079076
0.13104074492305204
0.06652901818566534
0.039104914783426176
0.05843916517116053
0.12298145560684942
0.08834315925299953
0.09757400567663228
0.05843916517116053
0.13364599850352882
0.13364599850352882
0.10283233329247386
0.06405636278825719
0.07412794539872948
0.039104914783426176
0.059842066598136213
0.0794141537062472
0.057901928809586216
0.011616905502251916
0.06675618306321096
0.09204984654638294
0.057901928809586216
0.06551153961438895
0.08179515840864851
0.06405636278825719
