0.16389019738689037
0.17023575078365735
0.2941552846363687
0.20514210405770866
0.17023575078365735
0.25452493843797974
0.20477612412257543
0.18583318578040148
0.0
0.0
0.18182514992585133
0.24946599767076796
0.0
0.0
0.23038153285011698
0.19589342009856506
0.0
0.5558922684021611
0.0
0.0
0.0
0.0
0.0
0.11519056012136304
0.20987282143049069
0.2574761606161243
0.299709911220788
0.22134341869821167
0.17283284707658794
0.15986446371669688
0.0
0.0
0.0
0.11519056012136304
0.0
0.1231845209585217
0.35063505913200493
0.1590617899772113
0.22024986935488494
0.2230799753061143
0.0
0.0
0.0
0.0
0.3803950878209799
0.1001325822261012
0.20898797612458586
0.0
0.0
0.29906059843014116
0.07880991597919236
0.07880991597919236
0.0
0.0
0.06014849135852205
0.05492411924600883
0.17283284707658794
0.05492411924600883
0.2739842707545225
0.0
0.0
0.35063505913200493
0.2074531799021959
0.29906059843014116
0.21082429444953685
0.16373238249217006
0.1685026515517544
0.29382025225741365
0.25719808215538487
0.2017843399570674
0.16867962105830608
0.10044362987208717
0.19085006168646196
0.0
0.08250165398975719
0.0
0.17994405115888878
0.1271362326470902
0.0
0.0
0.16840973414228877
0.1814406625157249
0.1754446791409851
0.13246755679081415
0.19979387913687682
0.1460257126674564
0.10111336792934794
0.1264351981430901
0.2230799753061143
0.0
0.0
0.0
0.0
0.0
0.0
0.13020034080354248
0.2175455229360615
0.12443049497208587
0.1652034369084923
0.16152314960106234
0.2045334217317403
0.11345115667210351
0.11345115667210351
0.13234292052898522
0.16840973414228877
0.18729861663127018
0.0
0.0
0.0
0.0
0.0
0.12283436866518935
0.1676407007934324
0.2265592623973196
0.14923466827331908
0.1001325822261012
0.14449181190387148
0.1792100774133972
0.0570209400354918
0.0
0.0
0.1561298915052155
0.20316962711609673
0.0
0.0
0.0
0.0
0.020242189395599183
0.12443049497208587
0.10089571716902972
0.12560323287444888
0.0
0.0
0.10607547521804248
0.10607547521804248
0.17849974625681772
0.1652034369084923
0.287242001520993
0.29535987487573795
0.12245043321447113
0.0
0.24605713436578125
0.0
0.15609233838335673
0.0
0.0
0.10044362987208717
0.2175455229360615
0.038869257950392755
0.038869257950392755
0.16060172993605415
0.0
0.0
0.11217345156504066
0.2581107997860194
0.07664752726697542
0.36748457413232044
0.1560495146275442
0.18498971101427675
0.14365246055651837
0.10139239201138435
0.17544099484185013
0.13501348857256074
0.2699377551850815
0.1557106574518094
0.14401004417720142
0.14720926855594962
0.13971814323481915
0.1887739562262416
0.19052194859213487
0.13741691501270778
0.0
0.0
0.0
0.0
0.20677193176182673
0.17994405115888878
0.0570209400354918
0.10119074684252488
0.14199056696073198
0.14714916745279183
0.13971814323481915
0.1547998439773673
0.1368987580957408
0.0
0.0
0.18095202472078975
0.27499249840322076
0.10139239201138435
0.0
0.0
0.0051282051274109675
0.0051282051274109675
0.1368987580957408
0.15609233838335673
0.13246755679081415
0.1456624855411408
0.16114836331632396
0.15335296305305585
