0.13048140311559342
0.21893155627581634
0.19313600973951126
0.15219654902989674
0.12292678570107957
0.1406160238171259
0.39250092529970226
0.26364895673527916
0.17495477434340667
0.3099448615010164
0.03457015666882317
0.03457015666882317
0.21643986590725303
0.13303132092393033
0.18679511190527442
0.11582685704795169
0.11225063515339394
0.19946771360518467
0.0
0.0
0.2935670624991976
0.0
0.08497630399882418
0.1127983732909088
0.0
0.14745239537644095
0.16821216272741454
0.1856518577955671
0.08497630399882418
0.12279507076778892
0.0
0.18249782585149055
0.0
0.139520451964177
0.20563501145024235
0.0
0.0
0.10818427183419284
0.12770890037155092
0.1987223232915941
0.17743954090268949
0.08979666774545746
0.11925751827031734
0.0
0.0
0.11867582646150361
0.12770890037155092
0.17743954090268949
0.11662282366409095
0.12754480432664994
0.13303132092393033
0.19239535096870475
0.13733359235844475
0.15700201695809363
0.14715893812993405
0.13621530699949125
0.1367693065859318
0.0
0.3564023680756022
0.0
0.12449119326802273
0.16627757867124404
0.0
0.0
0.0
0.035540955566180824
0.0
0.0
0.09082595426131222
0.21643986590725303
0.0
0.12279507076778892
0.0
0.13906786202434196
0.0
0.0
0.0
0.0
0.0
0.0
0.0
0.0
0.0
0.1791756903620096
0.12136111038411189
0.15356125152804648
0.09560240270532581
0.1821320161861745
0.1933998310016958
0.11760198283463859
0.1587283120081044
0.0
0.029573869091474032
0.029573869091474032
0.13333921783572128
0.0
0.11224053705667313
0.13278664214869945
0.14848582655414852
0.0
0.0
0.22910671657702852
0.0
0.0
0.15601914161499067
0.0
0.0
0.11983718312066959
0.16666994111219657
0.2698380627246705
0.24944533467135552
0.12470033073109515
0.0
0.0
0.14292117059154488
0.27352303152980334
0.14738836979937833
0.02250886707228396
0.25254541501430633
0.02250886707228396
0.33501177214690725
0.21841642440654704
0.15601914161499067
0.18713862336953552
0.15079706272155047
0.16656724703293083
0.19381817999011147
0.21908412986690523
0.19820022634404255
0.3199079919977358
0.1487641778766937
0.0
0.0
0.0
0.0
0.1220651825997146
0.06007916294825797
0.11582685704795169
0.06007916294825797
0.0
0.0
0.0
0.21016810994153093
0.1495864515371933
0.1460376706584779
0.1732763214612117
0.16309740887094917
0.2057279559795604
0.13278664214869945
0.1619171921790427
0.13741316750700366
0.17153973556368948
0.14917126586072935
0.2540574644949351
0.24523138198112485
0.0
0.2193381879156851
0.16240864358688328
0.0
0.13999883059664453
0.10623866403636599
0.1031736469000904
0.0
0.0
0.21610243953197703
0.08307349883462488
0.1651688781300812
0.10287133846889611
0.13399103499528625
0.24553884282360372
0.19214475390852315
0.13399103499528625
0.08417489441479889
0.17335486824936377
0.1734372732654696
0.10623866403636599
0.24523138198112485
0.24126784811000074
0.15337610353384376
0.19016671277448105
0.0
0.3347632930283073
0.0
0.0
0.0
0.17756381318134257
0.0
0.0
0.1642462236836987
0.2209536993098443
0.1560775151622428
0.196713168796387
0.18503138299100735
0.26276362744383
0.0
0.2510478344025498
0.14402234953513784
0.0
0.20395017917035646
0.2592391871783644
0.20494058193390083
0.3577522821274032
0.10112283820621383
0.14247808257919842
0.08417489441479889
0.1908865888043481
0.08983891984014268
0.060280962567404436
0.060280962567404436
0.0
0.0
0.0
0.0800510403950164
0.0
0.0
0.0
0.25378735272332575
0.0
0.1885493061953182
0.0
0.1710088152408015
0.13008527398237563
0.13048140311559342
0.10112283820621383
0.33501177214690725
0.14942327493076019
0.15700201695809363
0.10714918979148416
0.1861843644293888
0.0
0.0
0.17148832872788275
0.1468655504153285
0.1487641778766937
0.3400623082077376
0.20417775517247647
0.10592816811218292
0.43787210915805264
0.12754480432664994
0.24373404222516235
0.0
0.0
0.13256750233069434
0.2655195435270788
0.3347632930283073
0.18517221915428936
0.0
0.0
0.10315986902699975
0.15253826823871555
0.1908865888043481
0.0
0.0
0.0
0.0
0.10923138479449682
0.21656826398167286
0.0
0.0
0.09082595426131222
0.3506179918429351
0.0
0.02739219998183963
0.15990066624801327
0.13906786202434196
0.133453438850876
0.21722443063526903
0.21841642440654704
0.25972675990826816
0.24536543576522785
0.0
0.20267920596566763
0.023223847945825982
0.0
0.21610243953197703
0.21848725298443702
0.17557305921683178
0.1324298305446882
0.02929225170861896
0.02929225170861896
0.0
0.0
0.020336362471236984
0.020336362471236984
0.139156635912651
0.139156635912651
0.18072601726033655
0.0
0.0
0.14745239537644095
0.052283587943957155
0.1456443059405366
0.0
0.0
0.14715893812993405
0.1031736469000904
0.13881605352050527
0.14292117059154488
0.203063724102304
0.1790460119851553
0.18514881678704728
0.0
0.0
0.1715204070587443
0.1758688190465488
0.13077677920997785
0.0
0.0
0.0
0.0
0.572024595608868
0.034284976736427074
0.034284976736427074
0.0
0.08024277922726257
0.0
0.0
0.0
0.1239307461561348
0.26571551550859174
0.0
0.1313685303469486
0.14079526666973446
0.1697444621773978
0.052283587943957155
0.0
0.0
0.178278081328975
0.15391551124657887
0.0
0.19523371949511648
0.2592391871783644
0.11853292218306063
0.0
0.10862731996158849
0.0
0.0
0.0
0.0
0.0
0.0
0.24297051944771633
0.05952318959346434
0.0
0.0
0.1488383034430763
0.12674748030459157
0.16916985025871276
0.0
0.14379988194503407
0.0
0.1422089549063471
0.17840885530544556
0.0
0.0
0.0
0.25369479925831734
0.0
0.12952120471128156
0.15232603725881427
0.2056784457459465
0.10381438388217609
0.2868641568323725
0.15605810890210814
0.1482262033288471
0.10793011489999713
0.19065874800273458
0.07019084037663902
0.0
0.0
0.0
0.0
0.10862731996158849
0.19263146909009157
0.17314368180004078
0.18096238122329675
0.09313147853143375
0.1405065318661837
0.0
0.10376567505565137
0.0
0.1788644455566439
0.17955866025892386
0.16042107611822434
0.04786798418794894
0.04786798418794894
0.0
0.0
0.1587283120081044
0.06999863766214526
0.1539942251815076
0.19350696022742353
0.12236975839985688
0.060859706287589674
0.14736544336352614
0.1539942251815076
0.1624174095550408
0.0
0.1969691501381665
0.0
0.16726696540609173
0.06999863766214526
0.11197354374454016
0.0
0.0
0.17840885530544556
0.0
0.09773716375492732
0.0
0.12723255675147585
0.16190490034234584
0.1715204070587443
0.11751335100630628
0.17408256077132367
0.16838505473984625
0.4618806077994473
0.0
0.0
0.0
0.15403845368945024
0.13107456815438606
0.14380386567445116
0.14319953859187098
0.2757075962713721
0.18503670868343675
0.19415636976987996
0.17068956377203667
0.16587559283906816
0.0
0.0
0.14107802642486256
0.060171611279596006
0.1422089549063471
0.1370910697334572
0.22445841127799138
0.24190587654945192
0.22125362598565187
0.07031833114547703
0.1456443059405366
0.15842052629515702
0.14319953859187098
0.04686624129216593
0.2564733359758957
0.17269248112142063
0.1587377952577052
0.15448308022380047
0.1112675082000938
0.06227422034173005
0.11817169558816243
0.0
0.0
0.04686624129216593
0.0
0.0
0.18104268294327702
0.0
0.0
0.19523371949511648
0.18249782585149055
0.11662282366409095
0.0
0.0
0.1963195622483144
0.0
0.0
0.0
0.0
0.1112675082000938
0.1777128008716048
0.14379988194503407
0.14687955504344802
0.21477072694188074
0.12778596274272125
0.1672998386745386
0.0
0.0
0.16964124083638818
0.11817169558816243
0.1609097770183971
0.16945588887142038
0.0
0.11751335100630628
0.0
0.15999345892435549
0.6591931672019371
0.14848582655414852
0.0
0.0
0.24329267103255212
0.0
0.0
0.16506250563937616
0.0
0.0
0.07019084037663902
0.12543699184316115
0.07489187725836052
0.21436787677115973
0.16931887973216084
0.0
0.12292678570107957
0.0
0.0
0.0
0.13281471595672265
0.16727501163481048
0.16817655980268253
0.0
0.16833284178795344
0.0
0.14545195541578146
0.15605810890210814
0.2063787096916764
0.21924712077807884
0.14773478900204023
0.14945382398442472
0.05881051772953382
0.05881051772953382
0.0
0.03539823008536302
0.12047719809689997
0.0
0.3383897261636003
0.03539823008536302
0.0
0.0
0.0
0.0
0.0
0.0
0.19623541454636484
0.13107456815438606
0.0
0.0
0.0
0.07550371156500274
0.0
0.10923138479449682
0.18640702350487698
0.2022979637138434
0.0
0.0
0.1220469352444913
0.35234997131705986
0.1336504265061914
0.3388663284352037
0.2204952976184173
0.13290081605294737
0.0
0.0
0.1649427883211447
0.14986959300850597
0.12565120017786638
0.1671012067471389
0.14391962478343723
0.0
0.0
0.0
0.22457578675535048
0.10503014317731581
0.0
0.18851189931091164
0.0
0.0
0.1897737058659565
0.1591748129075414
0.19446208413813254
0.0
0.0
0.0051282051274109675
0.005128205127415603
0.0051282051274109675
0.005128205127415603
0.11726854613482124
0.12048175120187853
0.2906014785648903
0.16217639144753815
0.07733352959504147
0.08118251572756696
0.1713240178014753
0.15315761953533602
0.16817655980268253
0.1389385270517838
0.0
0.0848846125635201
0.0
0.10503014317731581
0.0
0.0848846125635201
0.0
0.19727222919827053
0.1586861972177656
0.10705629788272732
0.21647574612844364
0.0025641025637084813
0.0025641025637084813
0.0
0.0
0.159532131028825
0.1120186484556998
0.12785938245527967
0.0800510403950164
0.20877719449041265
0.11197354374454016
0.12890640477029752
0.10376567505565137
0.1399590923739404
0.13021597894393483
0.1630500100322892
0.16042107611822434
0.1724306627593495
0.1805963731118224
0.17627327896414635
0.0
0.0
0.11976098276460818
0.21275941943207693
0.09773716375492732
0.361994235021299
0.13567313072305417
0.15842052629515702
0.6428160927415025
0.16102341281648427
0.1713240178014753
0.1630500100322892
0.12384819621754604
0.13318765141622196
0.14908412935804147
0.18183706121187074
0.11824835937398995
0.29001333564378085
0.22019899564724188
0.1989828989492567
0.0
0.18971667301513054
0.16674240353715647
0.0
0.19946771360518467
