150.3975502840617
26.33016814457147
275.2518423536583
68.15927544833616
53.81612128308995
68.01075434950008
110.3572493190134
6.3443171047677165
269.9718917636474
11.92223840293813
144.03168615708282
136.7292256593666
36.442649928167945
76.0909223926823
2.517472102634761
38.07932428409333
47.68313519342969
7.825903860305586
227.943805144473
142.7229840764348
23.46656635311314
37.781056951049436
98.58871137459391
0.044608125780984616
122.7456405156141
258.9086660647824
192.03423763122447
22.259343928684615
28.597502123944718
35.145267607621136
80.71670744278669
90.28157354303694
54.18174329005255
129.5826296312206
478.6761570362068
295.554499376952
7.851706528715409
1.8116365970236838
53.55995321708832
154.83341497872217
154.57347694216946
8.71251328827138
154.23575238302791
27.71499646632904
236.5367978306864
66.27243816193126
25.4070998028839
175.30932424713458
63.131106060666696
72.94069829834403
213.18523661276254
14.259321470266146
40.1579702646563
38.31953457408287
320.3913776927232
59.44683674055863
68.22307225102927
57.92925254933945
150.34600342023404
68.55675323662976
71.6861100566909
137.98993044986275
165.91506835121697
7.949848045165281
18.596350495710677
3.3570141746989
15.143242577558242
26.697707477381762
194.98561194421265
92.70949114345026
181.9317961059383
19.38382616333867
72.12279347602062
686.5945998691462
71.22598849532824
130.31003435768247
17.227738260167985
125.10985512086651
156.6939334558395
86.65165024277373
15.774317375968087
52.8005478452054
11.422853822605282
23.701527118798175
0.24689167997329525
65.69580869108991
28.834894114107783
199.5199575899971
97.88682300782281
21.514265295941005
1.3247385928379718
227.27617139350525
206.62924644078547
321.3739053121053
32.809132172229965
174.88131987071725
35.65680233550707
50.26720398430259
231.89507363136678
7.781540818467897
