92.05146369590226
84.64240838927347
90.8314314181421
95.51820854936278
98.4065579656109
87.25282871770469
99.05948118128163
83.84322780707204
107.49368624845266
100.85375880930671
100.373124213295
86.79018466798105
94.69293171543788
93.07256577272182
114.84115259248689
97.04575330076278
102.1832379084814
96.02896714711736
94.78943739504656
89.20300483647246
95.20506162132779
121.59992244350317
110.37882932495629
93.64335714021628
99.6491993540927
107.67084975250735
101.47159838913753
99.25073271106342
98.97238955587957
107.88343021494028
108.61652385628174
112.69682374626656
99.188978249619
93.54997337436123
91.10861167427447
95.97714698319457
98.04939549521013
106.1830318963418
105.39796314178828
88.5438693680242
85.92213208875806
93.06815199666357
110.89748622983159
109.78116026855017
91.72053275487973
95.44057230462599
107.52386594853083
96.06704535832559
93.16810647328641
96.49312603434859
83.20920346780314
96.19163306497161
94.75838394626457
113.87970976725835
100.13390455942127
105.23511983832974
100.3880502474351
96.67657745835285
105.00526989093152
93.69010578680206
76.19752387476841
75.26782459146071
101.57902889634079
116.6950048008091
106.79282096254225
93.19672546481566
103.89098959996969
115.67055706510683
92.16120721357889
92.77092835403487
107.09750969241239
90.276674411734
93.15916085676518
96.9725338401128
76.21504312788704
103.77109666337432
92.52596194697387
99.68505318085765
92.79823525025367
104.36688675095506
107.12325362991943
99.3731413300419
80.88395622678519
102.49517110776591
93.3327073057176
100.8954241145639
83.64158217858719
94.99927310424196
111.98401574105995
96.0328593247924
93.77446625938362
119.98730520639761
79.43602958449979
85.40972472722952
90.2470108952045
79.16648814207622
98.00330351688105
118.8622983750982
102.49179101976038
110.52442421901263
