87.66127038811302
90.54561536874303
92.23831068563948
116.58015196066684
84.39213620758625
75.61731696179922
111.28063002049578
103.06629254884672
94.99880651687066
117.61081647693027
99.35082414715197
105.86750480828054
94.09270260945938
83.28147072632562
78.63765129618847
95.46824646537311
92.92410701688266
85.2651978252303
96.87457142271352
85.94447830810985
109.38066728237777
87.76483204883424
78.2939271729591
85.68323915273484
77.4566887486479
114.80955330801305
120.21293575023813
99.28209894528756
107.42072065558857
118.7641931122547
112.24349160150597
82.88390189111894
87.30481671245654
107.93772653924192
100.95722831370107
86.525724578632
93.03501098408745
85.16022843847918
107.76910564429863
88.69970483895358
105.1032626882086
106.02449390155198
120.709112057881
112.40961839517867
77.84362104545127
78.64743684231611
75.0293842518993
106.92224118179544
117.84407330838854
102.44537472765018
114.1521789063153
91.25537734829402
110.24453848864354
103.7706984128058
87.89493795053377
120.94369995285518
92.46815964804354
100.68570576420136
107.75783863076185
114.80808162662854
98.66226771876417
99.45772712728245
105.38203841081938
85.35415047810781
116.66289080092841
102.21438055638265
115.37255028160104
84.53947333117881
85.8022422040909
88.82149837523474
78.1573815977249
100.27636652044302
116.54475846874885
112.48080237393657
94.19333291445275
99.29157533202456
88.5083401393851
93.17061742636274
81.01268531961809
76.68815040446746
84.66916564201904
102.54471325310043
115.51157465087388
86.34867700492815
119.74931807817768
84.19536328598493
91.96258826082436
103.34341042116189
106.84029382689964
95.65679564579138
116.31284312441142
107.05868417357794
88.45230478576177
122.0609575529185
115.47044684611836
84.45682846705856
90.56947650965242
108.55814205325467
105.7269943586124
96.8014100468157
