0.08383569857373613
0.06390689742561943
0.049762081512004216
0.08319973935898237
0.07191336079573171
0.062067735902390904
0.06390689742561943
0.055977396905536915
0.0517831163421026
0.12782920137651851
0.13340983425395234
0.05237500474936211
0.14126801209388784
0.05657388463330796
0.09688619826349724
0.078441132248859
0.07620629973379738
0.10491189328068957
0.07881783141103327
0.06867128710569564
0.1336016843600848
0.09137584064590261
0.12936799293406018
0.08977503345567832
0.0517831163421026
0.07191336079573171
0.0962099932321929
0.08303415352756159
0.05237500474936211
0.10859034535801927
0.04652844535212504
0.04652844535212504
0.025221602005923913
0.12936799293406018
0.07620629973379738
0.11832577767614633
0.049762081512004216
0.07881783141103327
0.03774795697128318
0.0701059322138707
0.0701059322138707
0.05657388463330796
0.025221602005923913
0.055977396905536915
0.062067735902390904
0.03774795697128318
0.020031356192530835
0.06669653036350201
0.09600407414189918
0.020031356192530835
